0 0
1 0.642516
2 0.984685
3 0.866556
4 0.34335
5 -0.340357
6 -0.864962
7 -0.985235
8 -0.644954
9 -0.0031853
10 0
11 0.642516
12 0.984685
13 0.866556
14 0.34335
15 -0.340357
16 -0.864962
17 -0.985235
18 -0.644954
19 -0.0031853
20 0
21 0.642516
22 0.984685
23 0.866556
24 0.34335
25 -0.340357
26 -0.864962
27 -0.985235
28 -0.644954
29 -0.0031853
30 0
31 0.642516
32 0.984685
33 0.866556
34 0.34335
35 -0.340357
36 -0.864962
37 -0.985235
38 -0.644954
39 -0.0031853
40 0
41 0.642516
42 0.984685
43 0.866556
44 0.34335
45 -0.340357
46 -0.864962
47 -0.985235
48 -0.644954
49 -0.0031853
50 0
51 0
52 0
53 0
54 0
55 0
56 0
57 0
58 0
59 0
60 0
61 0
62 0
63 0
64 0
65 0
66 0
67 0
68 0
69 0
70 0
71 0
72 0
73 0
74 0
75 0
76 0
77 0
78 0
79 0
80 0
81 0
82 0
83 0
84 0
85 0
86 0
87 0
88 0
89 0
90 0
91 0
92 0
93 0
94 0
95 0
96 0
97 0
98 0
99 0
100 0
