0	45673.9
1	45816.7
2	45959.6
3	46102.8
4	46246
5	46389.5
6	46533.1
7	46676.8
8	46820.7
9	46964.8
10	47109
11	47253.3
12	47397.8
13	47542.4
14	47687.2
15	47832.1
16	47977.2
17	48122.4
18	48267.7
19	48413.2
20	48558.8
21	48704.6
22	48850.4
23	48996.4
24	49142.6
25	49288.8
26	49435.2
27	49581.7
28	49728.4
29	49875.1
30	50022
31	50169
32	50316.1
33	50463.4
34	50610.7
35	50758.2
36	50905.8
37	51053.4
38	51201.2
39	51349.1
40	51497.1
41	51645.2
42	51793.4
43	51941.7
44	52090.2
45	52238.7
46	52387.3
47	52536
48	52684.7
49	52833.6
50	52982.6
51	53131.7
52	53280.8
53	53430
54	53579.3
55	53728.7
56	53878.2
57	54027.7
58	54177.4
59	54327.1
60	54476.9
61	54626.7
62	54776.6
63	54926.6
64	55076.7
65	55226.8
66	55376.9
67	55527.2
68	55677.5
69	55827.8
70	55978.3
71	56128.7
72	56279.3
73	56429.8
74	56580.4
75	56731.1
76	56881.8
77	57032.6
78	57183.4
79	57334.2
80	57485.1
81	57636
82	57787
83	57938
84	58089
85	58240
86	58391.1
87	58542.2
88	58693.3
89	58844.5
90	58995.6
91	59146.8
92	59298
93	59449.2
94	59600.5
95	59751.7
96	59903
97	60054.2
98	60205.5
99	60356.8
100	60508
101	60659.3
102	60810.6
103	60961.8
104	61113.1
105	61264.3
106	61415.6
107	61566.8
108	61718
109	61869.2
110	62020.4
111	62171.6
112	62322.7
113	62473.8
114	62624.9
115	62776
116	62927
117	63078
118	63229
119	63380
120	63530.9
121	63681.7
122	63832.6
123	63983.3
124	64134.1
125	64284.8
126	64435.4
127	64586
128	64736.5
129	64887
130	65037.5
131	65187.8
132	65338.1
133	65488.4
134	65638.6
135	65788.7
136	65938.7
137	66088.7
138	66238.6
139	66388.4
140	66538.2
141	66687.9
142	66837.4
143	66986.9
144	67136.4
145	67285.7
146	67434.9
147	67584.1
148	67733.2
149	67882.1
150	68031
151	68179.8
152	68328.4
153	68477
154	68625.4
155	68773.8
156	68922
157	69070.2
158	69218.2
159	69366.1
160	69513.8
161	69661.5
162	69809
163	69956.4
164	70103.7
165	70250.9
166	70397.9
167	70544.8
168	70691.5
169	70838.2
170	70984.6
171	71131
172	71277.2
173	71423.2
174	71569.1
175	71714.8
176	71860.4
177	72005.9
178	72151.2
179	72296.3
180	72441.3
181	72586.1
182	72730.7
183	72875.2
184	73019.5
185	73163.6
186	73307.5
187	73451.3
188	73594.9
189	73738.3
190	73881.6
191	74024.6
192	74167.5
193	74310.2
194	74452.7
195	74594.9
196	74737
197	74878.9
198	75020.7
199	75162.2
200	75303.4
201	75444.5
202	75585.4
203	75726.1
204	75866.6
205	76006.8
206	76146.8
207	76286.6
208	76426.2
209	76565.6
210	76704.7
211	76843.6
212	76982.3
213	77120.8
214	77259
215	77397
216	77534.7
217	77672.2
218	77809.5
219	77946.5
220	78083.3
221	78219.8
222	78356.1
223	78492.1
224	78627.8
225	78763.4
226	78898.6
227	79033.6
228	79168.3
229	79302.7
230	79436.9
231	79570.8
232	79704.5
233	79837.9
234	79970.9
235	80103.8
236	80236.3
237	80368.5
238	80500.5
239	80632.2
240	80763.6
241	80894.7
242	81025.5
243	81156
244	81286.2
245	81416.1
246	81545.7
247	81675
248	81804
249	81932.7
250	82061
251	82189.1
252	82316.9
253	82444.3
254	82571.4
255	82698.2
256	82824.7
257	82950.8
258	83076.6
259	83202.1
260	83327.3
261	83452.1
262	83576.6
263	83700.7
264	83824.6
265	83948
266	84071.1
267	84193.9
268	84316.4
269	84438.4
270	84560.2
271	84681.6
272	84802.6
273	84923.2
274	85043.5
275	85163.5
276	85283.1
277	85402.3
278	85521.1
279	85639.6
280	85757.7
281	85875.4
282	85992.8
283	86109.8
284	86226.4
285	86342.6
286	86458.4
287	86573.8
288	86688.9
289	86803.6
290	86917.9
291	87031.7
292	87145.2
293	87258.3
294	87371
295	87483.3
296	87595.2
297	87706.7
298	87817.7
299	87928.4
300	88038.7
301	88148.5
302	88257.9
303	88366.9
304	88475.5
305	88583.7
306	88691.4
307	88798.8
308	88905.7
309	89012.1
310	89118.2
311	89223.8
312	89329
313	89433.7
314	89538
315	89641.9
316	89745.3
317	89848.3
318	89950.9
319	90052.9
320	90154.6
321	90255.8
322	90356.5
323	90456.8
324	90556.7
325	90656.1
326	90755
327	90853.5
328	90951.5
329	91049
330	91146.1
331	91242.7
332	91338.8
333	91434.5
334	91529.7
335	91624.4
336	91718.7
337	91812.4
338	91905.7
339	91998.5
340	92090.9
341	92182.7
342	92274.1
343	92365
344	92455.4
345	92545.3
346	92634.7
347	92723.6
348	92812
349	92899.9
350	92987.3
351	93074.3
352	93160.7
353	93246.6
354	93332
355	93416.9
356	93501.4
357	93585.3
358	93668.6
359	93751.5
360	93833.9
361	93915.7
362	93997.1
363	94077.9
364	94158.2
365	94237.9
366	94317.2
367	94395.9
368	94474.1
369	94551.8
370	94628.9
371	94705.6
372	94781.7
373	94857.2
374	94932.2
375	95006.7
376	95080.7
377	95154.1
378	95227
379	95299.3
380	95371.1
381	95442.4
382	95513.1
383	95583.3
384	95652.9
385	95722
386	95790.5
387	95858.5
388	95925.9
389	95992.8
390	96059.1
391	96124.8
392	96190.1
393	96254.7
394	96318.8
395	96382.3
396	96445.3
397	96507.7
398	96569.5
399	96630.8
400	96691.5
401	96751.7
402	96811.3
403	96870.3
404	96928.7
405	96986.6
406	97043.9
407	97100.6
408	97156.8
409	97212.4
410	97267.4
411	97321.8
412	97375.6
413	97428.9
414	97481.6
415	97533.7
416	97585.2
417	97636.1
418	97686.5
419	97736.3
420	97785.5
421	97834.1
422	97882.1
423	97929.5
424	97976.3
425	98022.6
426	98068.2
427	98113.3
428	98157.8
429	98201.6
430	98244.9
431	98287.6
432	98329.7
433	98371.2
434	98412.1
435	98452.4
436	98492.1
437	98531.2
438	98569.7
439	98607.5
440	98644.8
441	98681.5
442	98717.6
443	98753.1
444	98788
445	98822.3
446	98855.9
447	98889
448	98921.4
449	98953.3
450	98984.5
451	99015.1
452	99045.2
453	99074.6
454	99103.4
455	99131.6
456	99159.1
457	99186.1
458	99212.4
459	99238.2
460	99263.3
461	99287.8
462	99311.7
463	99335
464	99357.6
465	99379.7
466	99401.1
467	99421.9
468	99442.1
469	99461.7
470	99480.7
471	99499
472	99516.7
473	99533.9
474	99550.3
475	99566.2
476	99581.5
477	99596.1
478	99610.1
479	99623.5
480	99636.2
481	99648.4
482	99659.9
483	99670.8
484	99681.1
485	99690.7
486	99699.8
487	99708.2
488	99716
489	99723.1
490	99729.7
491	99735.6
492	99740.9
493	99745.6
494	99749.6
495	99753.1
496	99755.9
497	99758.1
498	99759.6
499	99760.5
500	99760.9
501	99760.5
502	99759.6
503	99758.1
504	99755.9
505	99753.1
506	99749.6
507	99745.6
508	99740.9
509	99735.6
510	99729.7
511	99723.1
512	99716
513	99708.2
514	99699.8
515	99690.7
516	99681.1
517	99670.8
518	99659.9
519	99648.4
520	99636.2
521	99623.5
522	99610.1
523	99596.1
524	99581.5
525	99566.2
526	99550.3
527	99533.9
528	99516.7
529	99499
530	99480.7
531	99461.7
532	99442.1
533	99421.9
534	99401.1
535	99379.7
536	99357.6
537	99335
538	99311.7
539	99287.8
540	99263.3
541	99238.2
542	99212.4
543	99186.1
544	99159.1
545	99131.6
546	99103.4
547	99074.6
548	99045.2
549	99015.1
550	98984.5
551	98953.3
552	98921.4
553	98889
554	98855.9
555	98822.3
556	98788
557	98753.1
558	98717.6
559	98681.5
560	98644.8
561	98607.5
562	98569.7
563	98531.2
564	98492.1
565	98452.4
566	98412.1
567	98371.2
568	98329.7
569	98287.6
570	98244.9
571	98201.6
572	98157.8
573	98113.3
574	98068.2
575	98022.6
576	97976.3
577	97929.5
578	97882.1
579	97834.1
580	97785.5
581	97736.3
582	97686.5
583	97636.1
584	97585.2
585	97533.7
586	97481.6
587	97428.9
588	97375.6
589	97321.8
590	97267.4
591	97212.4
592	97156.8
593	97100.6
594	97043.9
595	96986.6
596	96928.7
597	96870.3
598	96811.3
599	96751.7
600	96691.5
601	96630.8
602	96569.5
603	96507.7
604	96445.3
605	96382.3
606	96318.8
607	96254.7
608	96190.1
609	96124.8
610	96059.1
611	95992.8
612	95925.9
613	95858.5
614	95790.5
615	95722
616	95652.9
617	95583.3
618	95513.1
619	95442.4
620	95371.1
621	95299.3
622	95227
623	95154.1
624	95080.7
625	95006.7
626	94932.2
627	94857.2
628	94781.7
629	94705.6
630	94628.9
631	94551.8
632	94474.1
633	94395.9
634	94317.2
635	94237.9
636	94158.2
637	94077.9
638	93997.1
639	93915.7
640	93833.9
641	93751.5
642	93668.6
643	93585.3
644	93501.4
645	93416.9
646	93332
647	93246.6
648	93160.7
649	93074.3
650	92987.3
651	92899.9
652	92812
653	92723.6
654	92634.7
655	92545.3
656	92455.4
657	92365
658	92274.1
659	92182.7
660	92090.9
661	91998.5
662	91905.7
663	91812.4
664	91718.7
665	91624.4
666	91529.7
667	91434.5
668	91338.8
669	91242.7
670	91146.1
671	91049
672	90951.5
673	90853.5
674	90755
675	90656.1
676	90556.7
677	90456.8
678	90356.5
679	90255.8
680	90154.6
681	90052.9
682	89950.9
683	89848.3
684	89745.3
685	89641.9
686	89538
687	89433.7
688	89329
689	89223.8
690	89118.2
691	89012.1
692	88905.7
693	88798.8
694	88691.4
695	88583.7
696	88475.5
697	88366.9
698	88257.9
699	88148.5
700	88038.7
701	87928.4
702	87817.7
703	87706.7
704	87595.2
705	87483.3
706	87371
707	87258.3
708	87145.2
709	87031.7
710	86917.9
711	86803.6
712	86688.9
713	86573.8
714	86458.4
715	86342.6
716	86226.4
717	86109.8
718	85992.8
719	85875.4
720	85757.7
721	85639.6
722	85521.1
723	85402.3
724	85283.1
725	85163.5
726	85043.5
727	84923.2
728	84802.6
729	84681.6
730	84560.2
731	84438.4
732	84316.4
733	84193.9
734	84071.1
735	83948
736	83824.6
737	83700.7
738	83576.6
739	83452.1
740	83327.3
741	83202.1
742	83076.6
743	82950.8
744	82824.7
745	82698.2
746	82571.4
747	82444.3
748	82316.9
749	82189.1
750	82061
751	81932.7
752	81804
753	81675
754	81545.7
755	81416.1
756	81286.2
757	81156
758	81025.5
759	80894.7
760	80763.6
761	80632.2
762	80500.5
763	80368.5
764	80236.3
765	80103.8
766	79970.9
767	79837.9
768	79704.5
769	79570.8
770	79436.9
771	79302.7
772	79168.3
773	79033.6
774	78898.6
775	78763.4
776	78627.8
777	78492.1
778	78356.1
779	78219.8
780	78083.3
781	77946.5
782	77809.5
783	77672.2
784	77534.7
785	77397
786	77259
787	77120.8
788	76982.3
789	76843.6
790	76704.7
791	76565.6
792	76426.2
793	76286.6
794	76146.8
795	76006.8
796	75866.6
797	75726.1
798	75585.4
799	75444.5
800	75303.4
801	75162.2
802	75020.7
803	74878.9
804	74737
805	74594.9
806	74452.7
807	74310.2
808	74167.5
809	74024.6
810	73881.6
811	73738.3
812	73594.9
813	73451.3
814	73307.5
815	73163.6
816	73019.5
817	72875.2
818	72730.7
819	72586.1
820	72441.3
821	72296.3
822	72151.2
823	72005.9
824	71860.4
825	71714.8
826	71569.1
827	71423.2
828	71277.2
829	71131
830	70984.6
831	70838.2
832	70691.5
833	70544.8
834	70397.9
835	70250.9
836	70103.7
837	69956.4
838	69809
839	69661.5
840	69513.8
841	69366.1
842	69218.2
843	69070.2
844	68922
845	68773.8
846	68625.4
847	68477
848	68328.4
849	68179.8
850	68031
851	67882.1
852	67733.2
853	67584.1
854	67434.9
855	67285.7
856	67136.4
857	66986.9
858	66837.4
859	66687.9
860	66538.2
861	66388.4
862	66238.6
863	66088.7
864	65938.7
865	65788.7
866	65638.6
867	65488.4
868	65338.1
869	65187.8
870	65037.5
871	64887
872	64736.5
873	64586
874	64435.4
875	64284.8
876	64134.1
877	63983.3
878	63832.6
879	63681.7
880	63530.9
881	63380
882	63229
883	63078
884	62927
885	62776
886	62624.9
887	62473.8
888	62322.7
889	62171.6
890	62020.4
891	61869.2
892	61718
893	61566.8
894	61415.6
895	61264.3
896	61113.1
897	60961.8
898	60810.6
899	60659.3
900	60508
901	60356.8
902	60205.5
903	60054.2
904	59903
905	59751.7
906	59600.5
907	59449.2
908	59298
909	59146.8
910	58995.6
911	58844.5
912	58693.3
913	58542.2
914	58391.1
915	58240
916	58089
917	57938
918	57787
919	57636
920	57485.1
921	57334.2
922	57183.4
923	57032.6
924	56881.8
925	56731.1
926	56580.4
927	56429.8
928	56279.3
929	56128.7
930	55978.3
931	55827.8
932	55677.5
933	55527.2
934	55376.9
935	55226.8
936	55076.7
937	54926.6
938	54776.6
939	54626.7
940	54476.9
941	54327.1
942	54177.4
943	54027.7
944	53878.2
945	53728.7
946	53579.3
947	53430
948	53280.8
949	53131.7
950	52982.6
951	52833.6
952	52684.7
953	52536
954	52387.3
955	52238.7
956	52090.2
957	51941.7
958	51793.4
959	51645.2
960	51497.1
961	51349.1
962	51201.2
963	51053.4
964	50905.8
965	50758.2
966	50610.7
967	50463.4
968	50316.1
969	50169
970	50022
971	49875.1
972	49728.4
973	49581.7
974	49435.2
975	49288.8
976	49142.6
977	48996.4
978	48850.4
979	48704.6
980	48558.8
981	48413.2
982	48267.7
983	48122.4
984	47977.2
985	47832.1
986	47687.2
987	47542.4
988	47397.8
989	47253.3
990	47109
991	46964.8
992	46820.7
993	46676.8
994	46533.1
995	46389.5
996	46246
997	46102.8
998	45959.6
999	45816.7
