0 1
1 0.99998
2 0.999921
3 0.999823
4 0.999685
5 0.999507
6 0.99929
7 0.999034
8 0.998738
9 0.998403
10 0.998029
11 0.997615
12 0.997162
13 0.996669
14 0.996138
15 0.995566
16 0.994956
17 0.994307
18 0.993618
19 0.99289
20 0.992123
21 0.991316
22 0.990471
23 0.989587
24 0.988663
25 0.987701
26 0.986699
27 0.985659
28 0.98458
29 0.983462
30 0.982305
31 0.98111
32 0.979875
33 0.978603
34 0.977291
35 0.975941
36 0.974553
37 0.973126
38 0.97166
39 0.970157
40 0.968615
41 0.967035
42 0.965417
43 0.96376
44 0.962066
45 0.960334
46 0.958564
47 0.956756
48 0.95491
49 0.953027
50 0.951106
51 0.949147
52 0.947151
53 0.945118
54 0.943048
55 0.94094
56 0.938795
57 0.936614
58 0.934395
59 0.932139
60 0.929847
61 0.927518
62 0.925152
63 0.92275
64 0.920312
65 0.917837
66 0.915326
67 0.912779
68 0.910196
69 0.907577
70 0.904922
71 0.902232
72 0.899505
73 0.896744
74 0.893947
75 0.891115
76 0.888248
77 0.885345
78 0.882408
79 0.879436
80 0.876429
81 0.873388
82 0.870312
83 0.867202
84 0.864058
85 0.86088
86 0.857668
87 0.854421
88 0.851142
89 0.847828
90 0.844482
91 0.841101
92 0.837688
93 0.834242
94 0.830763
95 0.827251
96 0.823706
97 0.820129
98 0.81652
99 0.812878
100 0.809204
101 0.805499
102 0.801761
103 0.797992
104 0.794192
105 0.79036
106 0.786497
107 0.782603
108 0.778678
109 0.774723
110 0.770737
111 0.76672
112 0.762673
113 0.758596
114 0.75449
115 0.750353
116 0.746187
117 0.741992
118 0.737767
119 0.733513
120 0.72923
121 0.724919
122 0.720579
123 0.71621
124 0.711813
125 0.707388
126 0.702935
127 0.698455
128 0.693947
129 0.689412
130 0.684849
131 0.680259
132 0.675643
133 0.671
134 0.66633
135 0.661634
136 0.656912
137 0.652165
138 0.647391
139 0.642592
140 0.637768
141 0.632918
142 0.628043
143 0.623144
144 0.61822
145 0.613272
146 0.608299
147 0.603303
148 0.598283
149 0.593239
150 0.588172
151 0.583081
152 0.577968
153 0.572832
154 0.567673
155 0.562492
156 0.557288
157 0.552063
158 0.546816
159 0.541547
160 0.536257
161 0.530946
162 0.525614
163 0.520261
164 0.514887
165 0.509494
166 0.50408
167 0.498646
168 0.493193
169 0.48772
170 0.482228
171 0.476717
172 0.471187
173 0.465639
174 0.460072
175 0.454487
176 0.448884
177 0.443264
178 0.437626
179 0.43197
180 0.426298
181 0.420609
182 0.414903
183 0.409181
184 0.403443
185 0.397689
186 0.391919
187 0.386134
188 0.380333
189 0.374517
190 0.368687
191 0.362842
192 0.356983
193 0.35111
194 0.345223
195 0.339322
196 0.333408
197 0.327481
198 0.321541
199 0.315588
200 0.309623
201 0.303645
202 0.297656
203 0.291655
204 0.285642
205 0.279618
206 0.273583
207 0.267537
208 0.261481
209 0.255414
210 0.249338
211 0.243251
212 0.237155
213 0.23105
214 0.224935
215 0.218812
216 0.212679
217 0.206539
218 0.20039
219 0.194234
220 0.18807
221 0.181898
222 0.175719
223 0.169534
224 0.163341
225 0.157142
226 0.150937
227 0.144726
228 0.13851
229 0.132287
230 0.12606
231 0.119828
232 0.113591
233 0.107349
234 0.101103
235 0.0948535
236 0.0886
237 0.082343
238 0.0760827
239 0.0698195
240 0.0635535
241 0.0572849
242 0.0510142
243 0.0447414
244 0.0384668
245 0.0321908
246 0.0259134
247 0.0196351
248 0.0133559
249 0.00707627
250 0.000796327
251 -0.00548365
252 -0.0117634
253 -0.0180427
254 -0.0243213
255 -0.0305989
256 -0.0368753
257 -0.0431503
258 -0.0494235
259 -0.0556948
260 -0.061964
261 -0.0682306
262 -0.0744946
263 -0.0807556
264 -0.0870135
265 -0.0932679
266 -0.0995187
267 -0.105765
268 -0.112008
269 -0.118246
270 -0.12448
271 -0.130709
272 -0.136932
273 -0.14315
274 -0.149363
275 -0.155569
276 -0.16177
277 -0.167964
278 -0.174151
279 -0.180332
280 -0.186505
281 -0.192671
282 -0.19883
283 -0.20498
284 -0.211123
285 -0.217257
286 -0.223383
287 -0.2295
288 -0.235608
289 -0.241706
290 -0.247795
291 -0.253874
292 -0.259943
293 -0.266002
294 -0.272051
295 -0.278089
296 -0.284115
297 -0.290131
298 -0.296135
299 -0.302128
300 -0.308108
301 -0.314076
302 -0.320032
303 -0.325976
304 -0.331906
305 -0.337824
306 -0.343728
307 -0.349618
308 -0.355495
309 -0.361358
310 -0.367206
311 -0.37304
312 -0.37886
313 -0.384664
314 -0.390453
315 -0.396227
316 -0.401985
317 -0.407727
318 -0.413453
319 -0.419163
320 -0.424857
321 -0.430533
322 -0.436193
323 -0.441835
324 -0.44746
325 -0.453068
326 -0.458657
327 -0.464229
328 -0.469782
329 -0.475316
330 -0.480832
331 -0.486329
332 -0.491807
333 -0.497265
334 -0.502704
335 -0.508123
336 -0.513521
337 -0.5189
338 -0.524258
339 -0.529596
340 -0.534912
341 -0.540208
342 -0.545482
343 -0.550734
344 -0.555965
345 -0.561174
346 -0.566361
347 -0.571525
348 -0.576667
349 -0.581787
350 -0.586883
351 -0.591956
352 -0.597006
353 -0.602032
354 -0.607035
355 -0.612013
356 -0.616968
357 -0.621898
358 -0.626803
359 -0.631684
360 -0.63654
361 -0.641371
362 -0.646176
363 -0.650956
364 -0.655711
365 -0.660439
366 -0.665142
367 -0.669818
368 -0.674468
369 -0.679091
370 -0.683687
371 -0.688257
372 -0.692799
373 -0.697314
374 -0.701802
375 -0.706262
376 -0.710694
377 -0.715098
378 -0.719473
379 -0.723821
380 -0.72814
381 -0.73243
382 -0.736691
383 -0.740923
384 -0.745126
385 -0.7493
386 -0.753444
387 -0.757558
388 -0.761642
389 -0.765697
390 -0.769721
391 -0.773715
392 -0.777678
393 -0.781611
394 -0.785512
395 -0.789383
396 -0.793223
397 -0.797031
398 -0.800808
399 -0.804554
400 -0.808267
401 -0.811949
402 -0.815599
403 -0.819217
404 -0.822802
405 -0.826355
406 -0.829875
407 -0.833363
408 -0.836817
409 -0.840239
410 -0.843627
411 -0.846983
412 -0.850305
413 -0.853593
414 -0.856848
415 -0.860068
416 -0.863255
417 -0.866408
418 -0.869527
419 -0.872611
420 -0.875661
421 -0.878677
422 -0.881658
423 -0.884604
424 -0.887515
425 -0.890391
426 -0.893232
427 -0.896038
428 -0.898808
429 -0.901544
430 -0.904243
431 -0.906907
432 -0.909535
433 -0.912127
434 -0.914683
435 -0.917203
436 -0.919687
437 -0.922135
438 -0.924546
439 -0.926921
440 -0.92926
441 -0.931561
442 -0.933826
443 -0.936054
444 -0.938245
445 -0.9404
446 -0.942517
447 -0.944597
448 -0.946639
449 -0.948645
450 -0.950613
451 -0.952543
452 -0.954436
453 -0.956291
454 -0.958109
455 -0.959888
456 -0.96163
457 -0.963334
458 -0.965
459 -0.966628
460 -0.968218
461 -0.969769
462 -0.971283
463 -0.972758
464 -0.974194
465 -0.975593
466 -0.976952
467 -0.978274
468 -0.979556
469 -0.9808
470 -0.982006
471 -0.983172
472 -0.9843
473 -0.985389
474 -0.986439
475 -0.987451
476 -0.988423
477 -0.989356
478 -0.99025
479 -0.991106
480 -0.991922
481 -0.992699
482 -0.993437
483 -0.994136
484 -0.994795
485 -0.995415
486 -0.995996
487 -0.996538
488 -0.997041
489 -0.997504
490 -0.997928
491 -0.998312
492 -0.998657
493 -0.998963
494 -0.999229
495 -0.999456
496 -0.999643
497 -0.999791
498 -0.9999
499 -0.999969
500 -0.999999
501 -0.999989
502 -0.99994
503 -0.999851
504 -0.999723
505 -0.999556
506 -0.999349
507 -0.999103
508 -0.998817
509 -0.998492
510 -0.998127
511 -0.997724
512 -0.99728
513 -0.996798
514 -0.996276
515 -0.995715
516 -0.995115
517 -0.994475
518 -0.993796
519 -0.993078
520 -0.992321
521 -0.991525
522 -0.990689
523 -0.989815
524 -0.988901
525 -0.987949
526 -0.986957
527 -0.985927
528 -0.984857
529 -0.983749
530 -0.982602
531 -0.981416
532 -0.980192
533 -0.978929
534 -0.977627
535 -0.976287
536 -0.974908
537 -0.973491
538 -0.972036
539 -0.970542
540 -0.969009
541 -0.967439
542 -0.965831
543 -0.964184
544 -0.962499
545 -0.960777
546 -0.959016
547 -0.957218
548 -0.955382
549 -0.953508
550 -0.951596
551 -0.949648
552 -0.947661
553 -0.945637
554 -0.943576
555 -0.941478
556 -0.939343
557 -0.93717
558 -0.934961
559 -0.932715
560 -0.930432
561 -0.928112
562 -0.925756
563 -0.923363
564 -0.920933
565 -0.918468
566 -0.915966
567 -0.913428
568 -0.910854
569 -0.908244
570 -0.905599
571 -0.902917
572 -0.9002
573 -0.897448
574 -0.89466
575 -0.891837
576 -0.888978
577 -0.886085
578 -0.883156
579 -0.880193
580 -0.877195
581 -0.874163
582 -0.871096
583 -0.867994
584 -0.864859
585 -0.861689
586 -0.858485
587 -0.855248
588 -0.851977
589 -0.848672
590 -0.845333
591 -0.841962
592 -0.838557
593 -0.835119
594 -0.831648
595 -0.828144
596 -0.824608
597 -0.821039
598 -0.817438
599 -0.813804
600 -0.810139
601 -0.806441
602 -0.802712
603 -0.798951
604 -0.795159
605 -0.791335
606 -0.78748
607 -0.783593
608 -0.779676
609 -0.775729
610 -0.77175
611 -0.767742
612 -0.763702
613 -0.759633
614 -0.755534
615 -0.751405
616 -0.747247
617 -0.743058
618 -0.738841
619 -0.734595
620 -0.730319
621 -0.726015
622 -0.721682
623 -0.717321
624 -0.712931
625 -0.708513
626 -0.704067
627 -0.699594
628 -0.695093
629 -0.690564
630 -0.686009
631 -0.681426
632 -0.676816
633 -0.67218
634 -0.667517
635 -0.662828
636 -0.658112
637 -0.653371
638 -0.648604
639 -0.643811
640 -0.638993
641 -0.63415
642 -0.629282
643 -0.624389
644 -0.619471
645 -0.614529
646 -0.609563
647 -0.604572
648 -0.599558
649 -0.59452
650 -0.589459
651 -0.584374
652 -0.579267
653 -0.574136
654 -0.568983
655 -0.563808
656 -0.55861
657 -0.55339
658 -0.548149
659 -0.542885
660 -0.537601
661 -0.532295
662 -0.526968
663 -0.52162
664 -0.516252
665 -0.510864
666 -0.505455
667 -0.500026
668 -0.494578
669 -0.48911
670 -0.483623
671 -0.478117
672 -0.472591
673 -0.467048
674 -0.461486
675 -0.455905
676 -0.450307
677 -0.444691
678 -0.439057
679 -0.433406
680 -0.427738
681 -0.422053
682 -0.416352
683 -0.410634
684 -0.4049
685 -0.399149
686 -0.393384
687 -0.387602
688 -0.381805
689 -0.375994
690 -0.370167
691 -0.364326
692 -0.35847
693 -0.352601
694 -0.346717
695 -0.34082
696 -0.334909
697 -0.328985
698 -0.323049
699 -0.317099
700 -0.311137
701 -0.305162
702 -0.299176
703 -0.293178
704 -0.287168
705 -0.281147
706 -0.275115
707 -0.269072
708 -0.263018
709 -0.256954
710 -0.25088
711 -0.244796
712 -0.238702
713 -0.232599
714 -0.226487
715 -0.220365
716 -0.214235
717 -0.208097
718 -0.20195
719 -0.195796
720 -0.189634
721 -0.183464
722 -0.177287
723 -0.171103
724 -0.164912
725 -0.158715
726 -0.152511
727 -0.146302
728 -0.140087
729 -0.133866
730 -0.12764
731 -0.121409
732 -0.115173
733 -0.108932
734 -0.102688
735 -0.0964389
736 -0.0901863
737 -0.0839301
738 -0.0776707
739 -0.0714082
740 -0.0651428
741 -0.0588749
742 -0.0526047
743 -0.0463324
744 -0.0400583
745 -0.0337826
746 -0.0275055
747 -0.0212274
748 -0.0149484
749 -0.00866887
750 -0.00238898
751 0.00389101
752 0.0101708
753 0.0164503
754 0.0227291
755 0.029007
756 0.0352837
757 0.041559
758 0.0478328
759 0.0541046
760 0.0603743
761 0.0666416
762 0.0729063
763 0.0791681
764 0.0854268
765 0.0916821
766 0.0979338
767 0.104182
768 0.110425
769 0.116665
770 0.1229
771 0.129129
772 0.135354
773 0.141574
774 0.147788
775 0.153996
776 0.160198
777 0.166393
778 0.172583
779 0.178765
780 0.18494
781 0.191108
782 0.197269
783 0.203421
784 0.209566
785 0.215702
786 0.22183
787 0.227949
788 0.234059
789 0.24016
790 0.246252
791 0.252333
792 0.258405
793 0.264467
794 0.270518
795 0.276558
796 0.282588
797 0.288606
798 0.294613
799 0.300609
800 0.306592
801 0.312564
802 0.318523
803 0.32447
804 0.330403
805 0.336324
806 0.342232
807 0.348126
808 0.354006
809 0.359872
810 0.365724
811 0.371562
812 0.377385
813 0.383193
814 0.388986
815 0.394764
816 0.400526
817 0.406273
818 0.412003
819 0.417717
820 0.423414
821 0.429095
822 0.434759
823 0.440406
824 0.446036
825 0.451647
826 0.457242
827 0.462818
828 0.468375
829 0.473915
830 0.479435
831 0.484937
832 0.490419
833 0.495883
834 0.501326
835 0.50675
836 0.512154
837 0.517538
838 0.522901
839 0.528244
840 0.533566
841 0.538867
842 0.544146
843 0.549404
844 0.554641
845 0.559855
846 0.565048
847 0.570218
848 0.575366
849 0.580491
850 0.585593
851 0.590672
852 0.595727
853 0.60076
854 0.605768
855 0.610753
856 0.615713
857 0.62065
858 0.625561
859 0.630449
860 0.635311
861 0.640148
862 0.64496
863 0.649747
864 0.654507
865 0.659243
866 0.663952
867 0.668635
868 0.673291
869 0.677921
870 0.682524
871 0.687101
872 0.69165
873 0.696172
874 0.700666
875 0.705133
876 0.709572
877 0.713983
878 0.718366
879 0.722721
880 0.727047
881 0.731344
882 0.735613
883 0.739852
884 0.744063
885 0.748244
886 0.752395
887 0.756517
888 0.760609
889 0.764671
890 0.768703
891 0.772705
892 0.776676
893 0.780616
894 0.784526
895 0.788404
896 0.792252
897 0.796068
898 0.799853
899 0.803607
900 0.807329
901 0.811019
902 0.814676
903 0.818302
904 0.821896
905 0.825457
906 0.828985
907 0.832481
908 0.835944
909 0.839374
910 0.842771
911 0.846135
912 0.849465
913 0.852762
914 0.856025
915 0.859255
916 0.86245
917 0.865612
918 0.868739
919 0.871832
920 0.874891
921 0.877915
922 0.880905
923 0.88386
924 0.88678
925 0.889665
926 0.892515
927 0.89533
928 0.898109
929 0.900853
930 0.903562
931 0.906235
932 0.908872
933 0.911473
934 0.914038
935 0.916568
936 0.919061
937 0.921518
938 0.923938
939 0.926322
940 0.92867
941 0.930981
942 0.933255
943 0.935493
944 0.937693
945 0.939857
946 0.941983
947 0.944073
948 0.946125
949 0.94814
950 0.950117
951 0.952057
952 0.953959
953 0.955824
954 0.957651
955 0.959441
956 0.961192
957 0.962906
958 0.964581
959 0.966219
960 0.967818
961 0.969379
962 0.970902
963 0.972387
964 0.973834
965 0.975242
966 0.976611
967 0.977942
968 0.979235
969 0.980488
970 0.981704
971 0.98288
972 0.984018
973 0.985117
974 0.986177
975 0.987198
976 0.98818
977 0.989123
978 0.990027
979 0.990893
980 0.991719
981 0.992506
982 0.993253
983 0.993962
984 0.994632
985 0.995262
986 0.995853
987 0.996404
988 0.996917
989 0.99739
990 0.997824
991 0.998218
992 0.998573
993 0.998889
994 0.999165
995 0.999402
996 0.999599
997 0.999757
998 0.999876
999 0.999955
1000 0.999995
