Random Singal value:
0 41
0.001 18467
0.002 6334
0.003 26500
0.004 19169
0.005 15724
0.006 11478
0.007 29358
0.008 26962
0.009 24464
0.01 5705
0.011 28145
0.012 23281
0.013 16827
0.014 9961
0.015 491
0.016 2995
0.017 11942
0.018 4827
0.019 5436
0.02 32391
0.021 14604
0.022 3902
0.023 153
0.024 292
0.025 12382
0.026 17421
0.027 18716
0.028 19718
0.029 19895
0.03 5447
0.031 21726
0.032 14771
0.033 11538
0.034 1869
0.035 19912
0.036 25667
0.037 26299
0.038 17035
0.039 9894
0.04 28703
0.041 23811
0.042 31322
0.043 30333
0.044 17673
0.045 4664
0.046 15141
0.047 7711
0.048 28253
0.049 6868
0.05 25547
0.051 27644
0.052 32662
0.053 32757
0.054 20037
0.055 12859
0.056 8723
0.057 9741
0.058 27529
0.059 778
0.06 12316
0.061 3035
0.062 22190
0.063 1842
0.064 288
0.065 30106
0.066 9040
0.067 8942
0.068 19264
0.069 22648
0.07 27446
0.071 23805
0.072 15890
0.073 6729
0.074 24370
0.075 15350
0.076 15006
0.077 31101
0.078 24393
0.079 3548
0.08 19629
0.081 12623
0.082 24084
0.083 19954
0.084 18756
0.085 11840
0.086 4966
0.087 7376
0.088 13931
0.089 26308
0.09 16944
0.091 32439
0.092 24626
0.093 11323
0.094 5537
0.095 21538
0.096 16118
0.097 2082
0.098 22929
0.099 16541
0.1 4833
0.101 31115
0.102 4639
0.103 29658
0.104 22704
0.105 9930
0.106 13977
0.107 2306
0.108 31673
0.109 22386
0.11 5021
0.111 28745
0.112 26924
0.113 19072
0.114 6270
0.115 5829
0.116 26777
0.117 15573
0.118 5097
0.119 16512
0.12 23986
0.121 13290
0.122 9161
0.123 18636
0.124 22355
0.125 24767
0.126 23655
0.127 15574
0.128 4031
0.129 12052
0.13 27350
0.131 1150
0.132 16941
0.133 21724
0.134 13966
0.135 3430
0.136 31107
0.137 30191
0.138 18007
0.139 11337
0.14 15457
0.141 12287
0.142 27753
0.143 10383
0.144 14945
0.145 8909
0.146 32209
0.147 9758
0.148 24221
0.149 18588
0.15 6422
0.151 24946
0.152 27506
0.153 13030
0.154 16413
0.155 29168
0.156 900
0.157 32591
0.158 18762
0.159 1655
0.16 17410
0.161 6359
0.162 27624
0.163 20537
0.164 21548
0.165 6483
0.166 27595
0.167 4041
0.168 3602
0.169 24350
0.17 10291
0.171 30836
0.172 9374
0.173 11020
0.174 4596
0.175 24021
0.176 27348
0.177 23199
0.178 19668
0.179 24484
0.18 8281
0.181 4734
0.182 53
0.183 1999
0.184 26418
0.185 27938
0.186 6900
0.187 3788
0.188 18127
0.189 467
0.19 3728
0.191 14893
0.192 24648
0.193 22483
0.194 17807
0.195 2421
0.196 14310
0.197 6617
0.198 22813
0.199 9514
0.2 14309
0.201 7616
0.202 18935
0.203 17451
0.204 20600
0.205 5249
0.206 16519
0.207 31556
0.208 22798
0.209 30303
0.21 6224
0.211 11008
0.212 5844
0.213 32609
0.214 14989
0.215 32702
0.216 3195
0.217 20485
0.218 3093
0.219 14343
0.22 30523
0.221 1587
0.222 29314
0.223 9503
0.224 7448
0.225 25200
0.226 13458
0.227 6618
0.228 20580
0.229 19796
0.23 14798
0.231 15281
0.232 19589
0.233 20798
0.234 28009
0.235 27157
0.236 20472
0.237 23622
0.238 18538
0.239 12292
0.24 6038
0.241 24179
0.242 18190
0.243 29657
0.244 7958
0.245 6191
0.246 19815
0.247 22888
0.248 19156
0.249 11511
0.25 16202
0.251 2634
0.252 24272
0.253 20055
0.254 20328
0.255 22646
0.256 26362
0.257 4886
0.258 18875
0.259 28433
0.26 29869
0.261 20142
0.262 23844
0.263 1416
0.264 21881
0.265 31998
0.266 10322
0.267 18651
0.268 10021
0.269 5699
0.27 3557
0.271 28476
0.272 27892
0.273 24389
0.274 5075
0.275 10712
0.276 2600
0.277 2510
0.278 21003
0.279 26869
0.28 17861
0.281 14688
0.282 13401
0.283 9789
0.284 15255
0.285 16423
0.286 5002
0.287 10585
0.288 24182
0.289 10285
0.29 27088
0.291 31426
0.292 28617
0.293 23757
0.294 9832
0.295 30932
0.296 4169
0.297 2154
0.298 25721
0.299 17189
0.3 19976
0.301 31329
0.302 2368
0.303 28692
0.304 21425
0.305 10555
0.306 3434
0.307 16549
0.308 7441
0.309 9512
0.31 30145
0.311 18060
0.312 21718
0.313 3753
0.314 16139
0.315 12423
0.316 16279
0.317 25996
0.318 16687
0.319 12529
0.32 22549
0.321 17437
0.322 19866
0.323 12949
0.324 193
0.325 23195
0.326 3297
0.327 20416
0.328 28286
0.329 16105
0.33 24488
0.331 16282
0.332 12455
0.333 25734
0.334 18114
0.335 11701
0.336 31316
0.337 20671
0.338 5786
0.339 12263
0.34 4313
0.341 24355
0.342 31185
0.343 20053
0.344 912
0.345 10808
0.346 1832
0.347 20945
0.348 4313
0.349 27756
0.35 28321
0.351 19558
0.352 23646
0.353 27982
0.354 481
0.355 4144
0.356 23196
0.357 20222
0.358 7129
0.359 2161
0.36 5535
0.361 20450
0.362 11173
0.363 10466
0.364 12044
0.365 21659
0.366 26292
0.367 26439
0.368 17253
0.369 20024
0.37 26154
0.371 29510
0.372 4745
0.373 20649
0.374 13186
0.375 8313
0.376 4474
0.377 28022
0.378 2168
0.379 14018
0.38 18787
0.381 9905
0.382 17958
0.383 7391
0.384 10202
0.385 3625
0.386 26477
0.387 4414
0.388 9314
0.389 25824
0.39 29334
0.391 25874
0.392 24372
0.393 20159
0.394 11833
0.395 28070
0.396 7487
0.397 28297
0.398 7518
0.399 8177
0.4 17773
0.401 32270
0.402 1763
0.403 2668
0.404 17192
0.405 13985
0.406 3102
0.407 8480
0.408 29213
0.409 7627
0.41 4802
0.411 4099
0.412 30527
0.413 2625
0.414 1543
0.415 1924
0.416 11023
0.417 29972
0.418 13061
0.419 14181
0.42 31003
0.421 27432
0.422 17505
0.423 27593
0.424 22725
0.425 13031
0.426 8492
0.427 142
0.428 17222
0.429 31286
0.43 13064
0.431 7900
0.432 19187
0.433 8360
0.434 22413
0.435 30974
0.436 14270
0.437 29170
0.438 235
0.439 30833
0.44 19711
0.441 25760
0.442 18896
0.443 4667
0.444 7285
0.445 12550
0.446 140
0.447 13694
0.448 2695
0.449 21624
0.45 28019
0.451 2125
0.452 26576
0.453 21694
0.454 22658
0.455 26302
0.456 17371
0.457 22466
0.458 4678
0.459 22593
0.46 23851
0.461 25484
0.462 1018
0.463 28464
0.464 21119
0.465 23152
0.466 2800
0.467 18087
0.468 31060
0.469 1926
0.47 9010
0.471 4757
0.472 32170
0.473 20315
0.474 9576
0.475 30227
0.476 12043
0.477 22758
0.478 7164
0.479 5109
0.48 7882
0.481 17086
0.482 29565
0.483 3487
0.484 29577
0.485 14474
0.486 2625
0.487 25627
0.488 5629
0.489 31928
0.49 25423
0.491 28520
0.492 6902
0.493 14962
0.494 123
0.495 24596
0.496 3737
0.497 13261
0.498 10195
0.499 32525
0.5 1264
0.501 8260
0.502 6202
0.503 8116
0.504 5030
0.505 20326
0.506 29011
0.507 30771
0.508 6411
0.509 25547
0.51 21153
0.511 21520
0.512 29790
0.513 14924
0.514 30188
0.515 21763
0.516 4940
0.517 20851
0.518 18662
0.519 13829
0.52 30900
0.521 17713
0.522 18958
0.523 17578
0.524 8365
0.525 13007
0.526 11477
0.527 1200
0.528 26058
0.529 6439
0.53 2303
0.531 12760
0.532 19357
0.533 2324
0.534 6477
0.535 5108
0.536 21113
0.537 14887
0.538 19801
0.539 22850
0.54 14460
0.541 22428
0.542 12993
0.543 27384
0.544 19405
0.545 6540
0.546 31111
0.547 28704
0.548 12835
0.549 32356
0.55 6072
0.551 29350
0.552 18823
0.553 14485
0.554 20556
0.555 23216
0.556 1626
0.557 9357
0.558 8526
0.559 13357
0.56 29337
0.561 23271
0.562 23869
0.563 29361
0.564 12896
0.565 13022
0.566 29617
0.567 10112
0.568 12717
0.569 18696
0.57 11585
0.571 24041
0.572 24423
0.573 24129
0.574 24229
0.575 4565
0.576 6559
0.577 8932
0.578 22296
0.579 29855
0.58 12053
0.581 16962
0.582 3584
0.583 29734
0.584 6654
0.585 16972
0.586 21457
0.587 14369
0.588 22532
0.589 2963
0.59 2607
0.591 2483
0.592 911
0.593 11635
0.594 10067
0.595 22848
0.596 4675
0.597 12938
0.598 2223
0.599 22142
0.6 23754
0.601 6511
0.602 22741
0.603 20175
0.604 21459
0.605 17825
0.606 3221
0.607 17870
0.608 1626
0.609 31934
0.61 15205
0.611 31783
0.612 23850
0.613 17398
0.614 22279
0.615 22701
0.616 12193
0.617 12734
0.618 1637
0.619 26534
0.62 5556
0.621 1993
0.622 10176
0.623 25705
0.624 6962
0.625 10548
0.626 15881
0.627 300
0.628 14413
0.629 16641
0.63 19855
0.631 24855
0.632 13142
0.633 11462
0.634 27611
0.635 30877
0.636 20424
0.637 32678
0.638 1752
0.639 18443
0.64 28296
0.641 12673
0.642 10040
0.643 9313
0.644 875
0.645 20072
0.646 12818
0.647 610
0.648 1017
0.649 14932
0.65 28112
0.651 30695
0.652 13169
0.653 23831
0.654 20040
0.655 26488
0.656 28685
0.657 19090
0.658 19497
0.659 2589
0.66 25990
0.661 15145
0.662 19353
0.663 19314
0.664 18651
0.665 26740
0.666 22044
0.667 11258
0.668 335
0.669 8759
0.67 11192
0.671 7605
0.672 25264
0.673 12181
0.674 28503
0.675 3829
0.676 23775
0.677 20608
0.678 29292
0.679 5997
0.68 17549
0.681 29556
0.682 25561
0.683 31627
0.684 6467
0.685 29541
0.686 26129
0.687 31240
0.688 27813
0.689 29174
0.69 20601
0.691 6077
0.692 20215
0.693 8683
0.694 8213
0.695 23992
0.696 25824
0.697 5601
0.698 23392
0.699 15759
0.7 2670
0.701 26428
0.702 28027
0.703 4084
0.704 10075
0.705 18786
0.706 15498
0.707 24970
0.708 6287
0.709 23847
0.71 32604
0.711 503
0.712 21221
0.713 22663
0.714 5706
0.715 2363
0.716 9010
0.717 22171
0.718 27489
0.719 18240
0.72 12164
0.721 25542
0.722 7619
0.723 20913
0.724 7591
0.725 6704
0.726 31818
0.727 9232
0.728 750
0.729 25205
0.73 4975
0.731 1539
0.732 303
0.733 11422
0.734 21098
0.735 11247
0.736 13584
0.737 13648
0.738 2971
0.739 17864
0.74 22913
0.741 11075
0.742 21545
0.743 28712
0.744 17546
0.745 18678
0.746 1769
0.747 15262
0.748 8519
0.749 13985
0.75 28289
0.751 15944
0.752 2865
0.753 18540
0.754 23245
0.755 25508
0.756 28318
0.757 27870
0.758 9601
0.759 28323
0.76 21132
0.761 24472
0.762 27152
0.763 25087
0.764 28570
0.765 29763
0.766 29901
0.767 17103
0.768 14423
0.769 3527
0.77 11600
0.771 26969
0.772 14015
0.773 5565
0.774 28
0.775 21543
0.776 25347
0.777 2088
0.778 2943
0.779 12637
0.78 22409
0.781 26463
0.782 5049
0.783 4681
0.784 1588
0.785 11342
0.786 608
0.787 32060
0.788 21221
0.789 1758
0.79 29954
0.791 20888
0.792 14146
0.793 690
0.794 7949
0.795 12843
0.796 21430
0.797 25620
0.798 748
0.799 27067
0.8 4536
0.801 20783
0.802 18035
0.803 32226
0.804 15185
0.805 7038
0.806 9853
0.807 25629
0.808 11224
0.809 15748
0.81 19923
0.811 3359
0.812 32257
0.813 24766
0.814 4944
0.815 14955
0.816 23318
0.817 32726
0.818 25411
0.819 21025
0.82 20355
0.821 31001
0.822 22549
0.823 9496
0.824 18584
0.825 9515
0.826 17964
0.827 23342
0.828 8075
0.829 17913
0.83 16142
0.831 31196
0.832 21948
0.833 25072
0.834 20426
0.835 14606
0.836 26173
0.837 24429
0.838 32404
0.839 6705
0.84 20626
0.841 29812
0.842 19375
0.843 30093
0.844 16565
0.845 16036
0.846 14736
0.847 29141
0.848 30814
0.849 5994
0.85 8256
0.851 6652
0.852 23936
0.853 30838
0.854 20482
0.855 1355
0.856 21015
0.857 1131
0.858 18230
0.859 17841
0.86 14625
0.861 2011
0.862 32637
0.863 4186
0.864 19690
0.865 1650
0.866 5662
0.867 21634
0.868 10893
0.869 10353
0.87 21416
0.871 13452
0.872 14008
0.873 7262
0.874 22233
0.875 5454
0.876 16303
0.877 16634
0.878 26303
0.879 14256
0.88 148
0.881 11124
0.882 12317
0.883 4213
0.884 27109
0.885 24028
0.886 29200
0.887 21080
0.888 21318
0.889 16858
0.89 24050
0.891 24155
0.892 31361
0.893 15264
0.894 11903
0.895 3676
0.896 29643
0.897 26909
0.898 14902
0.899 3561
0.9 28489
0.901 24948
0.902 1282
0.903 13653
0.904 30674
0.905 2220
0.906 5402
0.907 6923
0.908 3831
0.909 19369
0.91 3878
0.911 20259
0.912 19008
0.913 22619
0.914 23971
0.915 30003
0.916 21945
0.917 9781
0.918 26504
0.919 12392
0.92 32685
0.921 25313
0.922 6698
0.923 5589
0.924 12722
0.925 5938
0.926 19037
0.927 6410
0.928 31461
0.929 6234
0.93 12508
0.931 9961
0.932 3959
0.933 6493
0.934 1515
0.935 25269
0.936 24937
0.937 28869
0.938 58
0.939 14700
0.94 13971
0.941 26264
0.942 15117
0.943 16215
0.944 24555
0.945 7815
0.946 18330
0.947 3039
0.948 30212
0.949 29288
0.95 28082
0.951 1954
0.952 16085
0.953 20710
0.954 24484
0.955 24774
0.956 8380
0.957 29815
0.958 25951
0.959 6541
0.96 18115
0.961 1679
0.962 17110
0.963 25898
0.964 23073
0.965 788
0.966 23977
0.967 18132
0.968 29956
0.969 28689
0.97 26113
0.971 10008
0.972 12941
0.973 15790
0.974 1723
0.975 21363
0.976 28
0.977 25184
0.978 24778
0.979 7200
0.98 5071
0.981 1885
0.982 21974
0.983 1071
0.984 11333
0.985 22867
0.986 26153
0.987 14295
0.988 32168
0.989 20825
0.99 9676
0.991 15629
0.992 28650
0.993 2598
0.994 3309
0.995 4693
0.996 4686
0.997 30080
0.998 10116
0.999 12249
1 26667
